exp (1) = 0 0 256 256
exp (2) = 256 0 256 256
exp (3) = 0 256 256 256
exp (4) = 256 256 256 256
exp (5) = 512 0 256 256
exp (6) = 512 256 256 256
exp (7) = 768 0 256 256
exp (8) = 768 256 256 256
exp (9) = 0 512 256 256
exp (10) = 0 768 256 256
exp (11) = 256 512 256 256
exp (12) = 512 512 256 256
exp (13) = 256 768 256 256
exp (14) = 512 768 256 256
exp (15) = 768 512 256 256
exp (16) = 768 768 256 256
exp (17) = 1024 0 256 256
exp (18) = 1280 0 256 256
exp (19) = 1024 256 256 256
exp (20) = 1536 0 256 256
exp (21) = 1280 256 256 256
exp (22) = 1024 512 256 256
exp (23) = 1280 512 256 256
exp (24) = 1024 768 256 256
exp (25) = 1536 256 256 256
exp (26) = 1536 512 256 256
exp (27) = 1280 768 256 256
exp (28) = 1536 768 256 256
exp (29) = 0 1024 256 256
exp (30) = 0 1280 256 256
exp (31) = 256 1024 256 256
exp (32) = 512 1024 256 256
exp (33) = 0 1536 256 256
exp (34) = 256 1280 256 256
exp (35) = 256 1536 256 256
exp (36) = 512 1280 256 256
exp (37) = 768 1024 256 256
exp (38) = 512 1536 256 256
exp (39) = 1024 1024 256 256
exp (40) = 768 1280 256 256
